0.09024098515510559
0.08870278298854828
0.08716458827257156
0.08750640600919724
0.09109553694725037
0.08699367940425873
0.08904460817575455
0.09024098515510559
0.09331738203763962
0.09331738203763962
0.0873354971408844
0.08750640600919724
0.08511365950107574
0.08767732232809067
0.08648094534873962
0.08972825109958649
0.08801914006471634
0.08921551704406738
0.09058280289173126
0.08819005638360977
0.0868227630853653
0.0868227630853653
0.08648094534873962
0.08767732232809067
0.0878482311964035
0.0873354971408844
0.09007007628679276
0.0878482311964035
0.08972825109958649
0.0868227630853653
0.0878482311964035
0.09143736213445663
0.08836096525192261
0.08955734223127365
0.0878482311964035
0.08921551704406738
0.08887369930744171
0.08955734223127365
0.08938643336296082
0.09041189402341843
0.09536831080913544
0.08750640600919724
0.09160827100276947
0.08887369930744171
0.09246283024549484
0.09400102496147156
0.09041189402341843
0.08904460817575455
0.08921551704406738
0.08989915996789932
0.08972825109958649
0.08904460817575455
0.09024098515510559
0.09195009618997574
0.08972825109958649
0.08955734223127365
0.08989915996789932
0.08921551704406738
0.09092462807893753
0.09041189402341843
0.08801914006471634
0.09041189402341843
0.0917791798710823
0.08665185421705246
0.09143736213445663
0.08767732232809067
0.08699367940425873
0.09092462807893753
0.08887369930744171
0.08955734223127365
0.0946846678853035
0.0912664532661438
0.09383011609315872
0.0868227630853653
0.08972825109958649
0.08972825109958649
0.09502649307250977
0.08921551704406738
0.09280464798212051
0.09246283024549484
0.09314647316932678
0.09024098515510559
0.08921551704406738
0.08870278298854828
0.08921551704406738
0.09024098515510559
0.09058280289173126
0.09434285014867783
0.0917791798710823
0.08955734223127365
0.0917791798710823
0.08801914006471634
0.09280464798212051
0.09092462807893753
0.09007007628679276
0.09024098515510559
0.09451375901699066
0.09229191392660141
0.09007007628679276
0.09383011609315872
