0.4296809136867523
0.4342394173145294
0.4209015667438507
0.42258989810943604
0.4274860620498657
0.4274860620498657
0.4342394173145294
0.4308627247810364
0.4322133958339691
0.42664191126823425
0.43170690536499023
0.42461588978767395
0.4323822259902954
0.4416680634021759
0.43390172719955444
0.4376160800457001
0.4327199161052704
0.4239405691623688
0.42900556325912476
0.4298497438430786
0.4281614124774933
0.4394732415676117
0.429512083530426
0.43170690536499023
0.43322640657424927
0.41803139448165894
0.43136924505233765
0.42714840173721313
0.43170690536499023
0.4252912402153015
0.4369407296180725
0.426135390996933
0.4344082474708557
0.4284990727901459
0.4283302426338196
0.4327199161052704
0.4350835680961609
0.4230964183807373
0.43795374035835266
0.43643423914909363
0.42410939931869507
0.42883673310279846
0.4327199161052704
0.4281614124774933
0.44082391262054443
0.4306938946247101
0.4350835680961609
0.43136924505233765
0.4371095597743988
0.42664191126823425
0.43575891852378845
0.4323822259902954
0.43643423914909363
0.4342394173145294
0.4254600703716278
0.42714840173721313
0.42427822947502136
0.4305250644683838
0.43778491020202637
0.4418368935585022
0.42866790294647217
0.4328887462615967
0.43170690536499023
0.4301874041557312
0.4327199161052704
0.4394732415676117
0.4352523982524872
0.4349147379398346
0.44031739234924316
0.43559005856513977
0.4393044114112854
0.4344082474708557
0.4387979209423065
0.43322640657424927
0.44082391262054443
0.4443694055080414
0.4366030693054199
0.4308627247810364
0.4320445656776428
0.43170690536499023
0.43153807520866394
0.43187573552131653
0.4303562343120575
0.4303562343120575
0.43559005856513977
0.4366030693054199
0.4303562343120575
0.43778491020202637
0.43626540899276733
0.4393044114112854
0.4414992332458496
0.43120041489601135
0.4372784197330475
0.4482525885105133
0.44301873445510864
0.44740840792655945
0.4352523982524872
0.44234341382980347
0.45416173338890076
0.4556812345981598
