0.20209529995918274
0.20462994277477264
0.20310916006565094
0.20598174631595612
0.20462994277477264
0.2044609636068344
0.20361608266830444
0.20513686537742615
0.2049679011106491
0.2083474099636078
0.20750252902507782
0.2044609636068344
0.20581276714801788
0.20564380288124084
0.20412302017211914
0.20953024923801422
0.20784048736095428
0.2064886838197708
0.2054748237133026
0.20057451725006104
0.20462994277477264
0.2039540410041809
0.20750252902507782
0.2039540410041809
0.2108820527791977
0.2054748237133026
0.20175735652446747
0.20226427912712097
0.20885434746742249
0.20733356475830078
0.20310916006565094
0.20733356475830078
0.20581276714801788
0.20564380288124084
0.20260223746299744
0.20412302017211914
0.20784048736095428
0.20598174631595612
0.20598174631595612
0.2024332582950592
0.2044609636068344
0.20226427912712097
0.20699560642242432
0.20750252902507782
0.2064886838197708
0.20462994277477264
0.20868536829948425
0.2034471035003662
0.20209529995918274
0.2098681926727295
0.20412302017211914
0.20108143985271454
0.2049679011106491
0.20716458559036255
0.2098681926727295
0.20699560642242432
0.20902331173419952
0.2064886838197708
0.20699560642242432
0.20919229090213776
0.20733356475830078
0.20665764808654785
0.20631970465183258
0.2034471035003662
0.209361270070076
0.20817844569683075
0.20631970465183258
0.209361270070076
0.20868536829948425
0.20631970465183258
0.20513686537742615
0.2039540410041809
0.20479892194271088
0.20615072548389435
0.2083474099636078
0.21105103194713593
0.21274079382419586
0.20902331173419952
0.20800946652889252
0.20817844569683075
0.20919229090213776
0.2098681926727295
0.20631970465183258
0.21105103194713593
0.20530584454536438
0.20750252902507782
0.2113889753818512
0.21426157653331757
0.20733356475830078
0.2083474099636078
0.21274079382419586
0.21307873725891113
0.20885434746742249
0.21071307361125946
0.2124028354883194
0.21206489205360413
0.2113889753818512
0.21561338007450104
0.21476849913597107
0.21307873725891113
