0.0802479237318039
0.08171586692333221
0.0836731344461441
0.08236829191446304
0.08106344938278198
0.08465176820755005
0.08318381756544113
0.08302071690559387
0.08334692567586899
0.0825314000248909
0.0825314000248909
0.08269450068473816
0.08236829191446304
0.0836731344461441
0.08611971884965897
0.08351003378629684
0.08171586692333221
0.0825314000248909
0.08171586692333221
0.08302071690559387
0.085630401968956
0.08204208314418793
0.08334692567586899
0.08302071690559387
0.08155276626348495
0.08530419319868088
0.08318381756544113
0.08269450068473816
0.08448866754770279
0.08269450068473816
0.08236829191446304
0.08383624255657196
0.08073724061250687
0.08399935066699982
0.08057413250207901
0.08220518380403519
0.0836731344461441
0.08334692567586899
0.07959549874067307
0.08448866754770279
0.08302071690559387
0.08269450068473816
0.08220518380403519
0.08318381756544113
0.08236829191446304
0.08497798442840576
0.0825314000248909
0.08187897503376007
0.08041102439165115
0.08628282696008682
0.08465176820755005
0.08302071690559387
0.08383624255657196
0.0848148763179779
0.08269450068473816
0.08399935066699982
0.08269450068473816
0.08220518380403519
0.08383624255657196
0.08611971884965897
0.08155276626348495
0.08856630325317383
0.08497798442840576
0.0802479237318039
0.08122655004262924
0.08399935066699982
0.08758766949176788
0.0848148763179779
0.08383624255657196
0.08432555943727493
0.08742456138134003
0.08351003378629684
0.08514108508825302
0.08432555943727493
0.08530419319868088
0.08465176820755005
0.0848148763179779
0.08546729385852814
0.08921872079372406
0.08579351007938385
0.08546729385852814
0.08644592761993408
0.0867721438407898
0.08448866754770279
0.08742456138134003
0.08660903573036194
0.085630401968956
0.09231773018836975
0.085630401968956
0.08856630325317383
0.08921872079372406
0.09019735455513
0.08775077760219574
0.08579351007938385
0.08693524450063705
0.08628282696008682
0.08628282696008682
0.09068667143583298
0.0890556201338768
0.08514108508825302
