0.7687574625015259
0.7677320241928101
0.771492063999176
0.7648265361785889
0.7728593349456787
0.7694411277770996
0.7687574625015259
0.7696120142936707
0.7692701816558838
0.7694411277770996
0.7680738568305969
0.7663647532463074
0.7706375122070312
0.7653392553329468
0.7699538469314575
0.7738848328590393
0.7685865759849548
0.7663647532463074
0.7749102711677551
0.7608955502510071
0.7655101418495178
0.7699538469314575
0.7738848328590393
0.7733720541000366
0.7730302214622498
0.7690992951393127
0.7600409984588623
0.7660229206085205
0.775252103805542
0.7670483589172363
0.7677320241928101
0.7656810879707336
0.7658519744873047
0.7708083987236023
0.7696120142936707
0.7661938071250916
0.764484703540802
0.7697829604148865
0.7718338966369629
0.7718338966369629
0.7696120142936707
0.7655101418495178
0.7740557193756104
0.7708083987236023
0.7694411277770996
0.7704665660858154
0.7745684385299683
0.7708083987236023
0.7771320939064026
0.775935709476471
0.7762775421142578
0.7718338966369629
0.764655590057373
0.7764484882354736
0.7711502313613892
0.7711502313613892
0.7636301517486572
0.7690992951393127
0.7747393846511841
0.7713211178779602
0.7696120142936707
0.7711502313613892
0.7680738568305969
0.7750811576843262
0.7743975520133972
0.7764484882354736
0.7761066555976868
0.768415629863739
0.7704665660858154
0.7733720541000366
0.7704665660858154
0.7738848328590393
0.7738848328590393
0.7743975520133972
0.7697829604148865
0.7718338966369629
0.7767903208732605
0.7750811576843262
0.7730302214622498
0.7728593349456787
0.779012143611908
0.7713211178779602
0.7679029107093811
0.7788411974906921
0.7800375819206238
0.7720047831535339
0.7764484882354736
0.7718338966369629
0.7798666954040527
0.775422990322113
0.7711502313613892
0.7781575918197632
0.7737138867378235
0.7781575918197632
0.7788411974906921
0.7761066555976868
0.7762775421142578
0.7802085280418396
0.7783284783363342
0.7779866456985474
