0.238425150513649
0.23318688571453094
0.23267996311187744
0.2419736385345459
0.2254139930009842
0.23014532029628754
0.23166610300540924
0.24062183499336243
0.23673538863658905
0.2404528558254242
0.2379182130098343
0.2404528558254242
0.2524501383304596
0.24079081416130066
0.239438995718956
0.24062183499336243
0.23521460592746735
0.23656640946865082
0.2379182130098343
0.23521460592746735
0.24383237957954407
0.2434944212436676
0.24129773676395416
0.2264278531074524
0.2409597784280777
0.239438995718956
0.23707333207130432
0.2389320731163025
0.23876309394836426
0.23420074582099915
0.23639743030071259
0.24281851947307587
0.23927001655101776
0.24180465936660767
0.23707333207130432
0.24586008489131927
0.239438995718956
0.23825617134571075
0.24231159687042236
0.23977695405483246
0.23605948686599731
0.2379182130098343
0.24079081416130066
0.24535316228866577
0.2340317666530609
0.24163569509983063
0.2460290640592575
0.238425150513649
0.24332544207572937
0.24112875759601593
0.2434944212436676
0.2379182130098343
0.24433930218219757
0.24332544207572937
0.24011489748954773
0.24788780510425568
0.2475498467683792
0.24569110572338104
0.23927001655101776
0.23808719217777252
0.24028387665748596
0.2440013587474823
0.24180465936660767
0.24890165030956268
0.24636702239513397
0.23910105228424072
0.24028387665748596
0.24670496582984924
0.23555254936218262
0.2470429241657257
0.24569110572338104
0.24569110572338104
0.24231159687042236
0.24738086760044098
0.2445082813501358
0.24028387665748596
0.23960797488689423
0.24636702239513397
0.24569110572338104
0.24366340041160583
0.24315647780895233
0.2340317666530609
0.24535316228866577
0.2419736385345459
0.24062183499336243
0.23910105228424072
0.23707333207130432
0.23876309394836426
0.239438995718956
0.24670496582984924
0.23808719217777252
0.24805676937103271
0.24923960864543915
0.2485637068748474
0.24738086760044098
0.25126731395721436
0.25025346875190735
0.2509293556213379
0.25076040625572205
0.24535316228866577
