0.9157519936561584
0.915010392665863
0.917235255241394
0.915010392665863
0.9136754870414734
0.9111539721488953
0.9178285598754883
0.9129338264465332
0.9179768562316895
0.915010392665863
0.9148620367050171
0.9132304787635803
0.9169386029243469
0.9154553413391113
0.9133788347244263
0.916790246963501
0.9153070449829102
0.9170868992805481
0.917235255241394
0.9161970019340515
0.9148620367050171
0.91456538438797
0.9142687916755676
0.9124888777732849
0.9176802039146423
0.9151586890220642
0.9141204357147217
0.9181252121925354
0.9115989208221436
0.9161970019340515
0.9163452982902527
0.9157519936561584
0.9197567701339722
0.9141204357147217
0.9142687916755676
0.9142687916755676
0.9163452982902527
0.9114506244659424
0.9160486459732056
0.9182735085487366
0.9179768562316895
0.9163452982902527
0.9164935946464539
0.916790246963501
0.9184218049049377
0.9164935946464539
0.9156036972999573
0.9160486459732056
0.9176802039146423
0.9178285598754883
0.9159003496170044
0.9144170880317688
0.9156036972999573
0.9159003496170044
0.9191634654998779
0.9173835515975952
0.9182735085487366
0.9187184572219849
0.915010392665863
0.9188668131828308
0.9154553413391113
0.915010392665863
0.9142687916755676
0.9153070449829102
0.9151586890220642
0.9175319075584412
0.9181252121925354
0.9160486459732056
0.9159003496170044
0.9166419506072998
0.9164935946464539
0.9181252121925354
0.9156036972999573
0.9142687916755676
0.9166419506072998
0.9188668131828308
0.9209433197975159
0.9184218049049377
0.9169386029243469
0.9187184572219849
0.9188668131828308
0.9202017188072205
0.9193117618560791
0.9179768562316895
0.9182735085487366
0.9206466674804688
0.9184218049049377
0.9196084141731262
0.9184218049049377
0.9206466674804688
0.9175319075584412
0.9193117618560791
0.9210916757583618
0.9210916757583618
0.9236131906509399
0.9213883280754089
0.9213883280754089
0.919015109539032
0.917235255241394
0.9200534224510193
