0.14717809855937958
0.14937478303909302
0.15055762231349945
0.15140250325202942
0.14954376220703125
0.15309226512908936
0.1522473841905594
0.15055762231349945
0.15021966397762299
0.1517404466867447
0.15157148241996765
0.1522473841905594
0.14971274137496948
0.15596485137939453
0.15190942585468292
0.15106454491615295
0.15410611033439636
0.14903683960437775
0.1522473841905594
0.15140250325202942
0.15343020856380463
0.1527543067932129
0.14903683960437775
0.15393714606761932
0.1547820270061493
0.15072660148143768
0.15021966397762299
0.1512335240840912
0.1512335240840912
0.14852990210056305
0.14988172054290771
0.15309226512908936
0.15106454491615295
0.15511997044086456
0.15495099127292633
0.1537681668996811
0.15005069971084595
0.15309226512908936
0.15343020856380463
0.15495099127292633
0.15393714606761932
0.15258532762527466
0.15157148241996765
0.1542750895023346
0.15021966397762299
0.15613383054733276
0.15072660148143768
0.15393714606761932
0.15292328596115112
0.14988172054290771
0.15140250325202942
0.1568097323179245
0.15241636335849762
0.15190942585468292
0.1552889496088028
0.15816153585910797
0.15072660148143768
0.15055762231349945
0.14852990210056305
0.1537681668996811
0.15055762231349945
0.15021966397762299
0.156302809715271
0.15799257159233093
0.15511997044086456
0.15444406867027283
0.15157148241996765
0.15664075314998627
0.1552889496088028
0.15545792877674103
0.15765461325645447
0.15343020856380463
0.15849949419498444
0.1522473841905594
0.15596485137939453
0.1547820270061493
0.1542750895023346
0.1542750895023346
0.1532612442970276
0.1578235924243927
0.15309226512908936
0.15562690794467926
0.15292328596115112
0.15748563408851624
0.1557958722114563
0.1542750895023346
0.15613383054733276
0.15714769065380096
0.15647177398204803
0.15241636335849762
0.1603582352399826
0.15664075314998627
0.1522473841905594
0.15664075314998627
0.15359918773174286
0.16171003878116608
0.15545792877674103
0.15714769065380096
0.15697871148586273
0.15697871148586273
