0.4640081226825714
0.45420750975608826
0.45724907517433167
0.4643460512161255
0.46079757809638977
0.46062859892845154
0.46367016434669495
0.4564041793346405
0.45708009600639343
0.4560662508010864
0.4560662508010864
0.4569111168384552
0.45708009600639343
0.45708009600639343
0.4503210484981537
0.45657315850257874
0.45860087871551514
0.44913822412490845
0.4543764889240265
0.45674213767051697
0.4594457447528839
0.461980402469635
0.4538695514202118
0.45775601267814636
0.4604596197605133
0.4660358130931854
0.45623520016670227
0.4589388370513916
0.4655289053916931
0.45572829246520996
0.45522135496139526
0.4640081226825714
0.46873944997787476
0.45860087871551514
0.4623183608055115
0.45876985788345337
0.45809394121170044
0.4613044857978821
0.4589388370513916
0.4640081226825714
0.4564041793346405
0.45724907517433167
0.4633322060108185
0.460966557264328
0.4623183608055115
0.45657315850257874
0.46012166142463684
0.46265628933906555
0.46772557497024536
0.46164244413375854
0.4569111168384552
0.4599526822566986
0.45724907517433167
0.46417707204818726
0.46265628933906555
0.4700912535190582
0.4553903341293335
0.46468400955200195
0.4553903341293335
0.4668807089328766
0.46214938163757324
0.4640081226825714
0.4650219678878784
0.46519094705581665
0.461980402469635
0.45657315850257874
0.4655289053916931
0.4650219678878784
0.4655289053916931
0.45910781621932983
0.45268672704696655
0.46569788455963135
0.4680635333061218
0.4668807089328766
0.46468400955200195
0.4640081226825714
0.4618114233016968
0.4640081226825714
0.4558972716331482
0.4594457447528839
0.4604596197605133
0.4643460512161255
0.4650219678878784
0.4655289053916931
0.4694153368473053
0.4564041793346405
0.46079757809638977
0.46873944997787476
0.4653599262237549
0.46062859892845154
0.46367016434669495
0.47127407789230347
0.46164244413375854
0.4665427505970001
0.4700912535190582
0.4694153368473053
0.4640081226825714
0.4633322060108185
0.4770192503929138
0.4648529887199402
