0.3937141001224518
0.3883068561553955
0.39405205845832825
0.3908415138721466
0.39557284116744995
0.3937141001224518
0.39151740074157715
0.3921933174133301
0.3947279453277588
0.3906725347042084
0.3927002251148224
0.3942210078239441
0.39591076970100403
0.3916863799095154
0.38999661803245544
0.3933761417865753
0.3918553590774536
0.3982764482498169
0.3906725347042084
0.3916863799095154
0.3901655972003937
0.3947279453277588
0.3952348828315735
0.3952348828315735
0.402838796377182
0.3962487280368805
0.39405205845832825
0.3942210078239441
0.39303818345069885
0.38999661803245544
0.39557284116744995
0.39591076970100403
0.3954038619995117
0.40114903450012207
0.3992902934551239
0.3932071626186371
0.3962487280368805
0.3972626030445099
0.3967556655406952
0.4057113826274872
0.40807706117630005
0.4023318588733673
0.39658668637275696
0.3964177072048187
0.39912131428718567
0.4013180136680603
0.3957417905330658
0.39962825179100037
0.40047314763069153
0.3997972309589386
0.39760053157806396
0.3952348828315735
0.3962487280368805
0.39895233511924744
0.403852641582489
0.3987833857536316
0.39962825179100037
0.3921933174133301
0.3984454274177551
0.3957417905330658
0.4008110761642456
0.4063872992992401
0.39793848991394043
0.39709362387657166
0.4041905999183655
0.3962487280368805
0.40317675471305847
0.40351471304893494
0.39506590366363525
0.4033457338809967
0.4008110761642456
0.4026698172092438
0.39912131428718567
0.40452855825424194
0.40655627846717834
0.4003041684627533
0.3962487280368805
0.39810746908187866
0.4006420969963074
0.401824951171875
0.3932071626186371
0.40317675471305847
0.39962825179100037
0.40114903450012207
0.39760053157806396
0.40047314763069153
0.4023318588733673
0.40604934096336365
0.4013180136680603
0.40114903450012207
0.39607974886894226
0.4046975374221802
0.3977695107460022
0.4068942070007324
0.4048665165901184
0.4109496474266052
0.40148699283599854
0.4057113826274872
0.4079080820083618
0.4094288647174835
