0.4616304934024811
0.4529140293598175
0.46436506509780884
0.4676123857498169
0.46539053320884705
0.45752862095832825
0.4720560610294342
0.4660741686820984
0.46932148933410645
0.46351051330566406
0.46197232604026794
0.47120150923728943
0.46094685792922974
0.46043410897254944
0.46436506509780884
0.4681251049041748
0.4694924056529999
0.47068876028060913
0.4626559615135193
0.46487778425216675
0.46248504519462585
0.4628268778324127
0.46333959698677063
0.460263192653656
0.4667578339576721
0.45940864086151123
0.46829602122306824
0.4641941487789154
0.45650315284729004
0.46145957708358765
0.4694924056529999
0.47137242555618286
0.4667578339576721
0.4652196168899536
0.47120150923728943
0.46351051330566406
0.4647068977355957
0.4578704535961151
0.46692872047424316
0.471030592918396
0.45411041378974915
0.4647068977355957
0.4657323658466339
0.47376516461372375
0.4725687801837921
0.46846693754196167
0.46060502529144287
0.4734233319759369
0.4616304934024811
0.4741069972515106
0.4700051248073578
0.46778327226638794
0.4694924056529999
0.48316526412963867
0.46744146943092346
0.469150573015213
0.47085967659950256
0.472910612821579
0.4790634214878082
0.4794052243232727
0.4616304934024811
0.47120150923728943
0.4686378538608551
0.47376516461372375
0.4720560610294342
0.4700051248073578
0.47820883989334106
0.4741069972515106
0.4676123857498169
0.47769612073898315
0.47239789366722107
0.46487778425216675
0.4715433120727539
0.4655614495277405
0.4744488000869751
0.48265254497528076
0.46060502529144287
0.46880874037742615
0.47872158885002136
0.4775252044200897
0.4730815291404724
0.4667578339576721
0.4764997363090515
0.47222697734832764
0.4783797562122345
0.4725687801837921
0.4694924056529999
0.481797993183136
0.4741069972515106
0.4720560610294342
0.4768415689468384
0.4636814296245575
0.4694924056529999
0.47273969650268555
0.4775252044200897
0.47718340158462524
0.4773542881011963
0.4725687801837921
0.47667065262794495
0.464023232460022
