0.25826016068458557
0.2537909150123596
0.26081404089927673
0.26097366213798523
0.2611332833766937
0.26081404089927673
0.25841978192329407
0.25921788811683655
0.26049479842185974
0.25873902440071106
0.25969672203063965
0.26081404089927673
0.25841978192329407
0.25873902440071106
0.26033520698547363
0.2612929046154022
0.25873902440071106
0.2560255527496338
0.26671987771987915
0.2620909810066223
0.25299280881881714
0.2636871635913849
0.25841978192329407
0.26065441966056824
0.2571428716182709
0.25857940316200256
0.25953710079193115
0.26001596450805664
0.25985634326934814
0.26081404089927673
0.26001596450805664
0.26017558574676514
0.2557063102722168
0.25873902440071106
0.26001596450805664
0.2574620842933655
0.2565043866634369
0.25905826687812805
0.2611332833766937
0.26017558574676514
0.25985634326934814
0.2620909810066223
0.2630486786365509
0.26065441966056824
0.2627294361591339
0.2625698447227478
0.26049479842185974
0.2569832503795624
0.2616121172904968
0.25331205129623413
0.26001596450805664
0.2622506022453308
0.2624102234840393
0.26033520698547363
0.2620909810066223
0.2616121172904968
0.25841978192329407
0.26001596450805664
0.26033520698547363
0.25985634326934814
0.26767757534980774
0.2649640738964081
0.2627294361591339
0.26065441966056824
0.26687949895858765
0.25985634326934814
0.25969672203063965
0.2625698447227478
0.2630486786365509
0.264485239982605
0.2646448612213135
0.2632082998752594
0.2636871635913849
0.26656025648117065
0.26017558574676514
0.26608139276504517
0.26592180132865906
0.263846755027771
0.26831603050231934
0.26799681782722473
0.263846755027771
0.264804482460022
0.2700718343257904
0.26560255885124207
0.26640063524246216
0.264165997505188
0.26671987771987915
0.26703912019729614
0.26608139276504517
0.2697525918483734
0.2700718343257904
0.2689545154571533
0.2702314555644989
0.26656025648117065
0.2723064720630646
0.2716679871082306
0.2708699107170105
0.27501994371414185
0.2799680829048157
0.27438148856163025
