0.9371939897537231
0.9348303079605103
0.9349991679191589
0.9349991679191589
0.9368563294410706
0.9344926476478577
0.9348303079605103
0.9348303079605103
0.932635486125946
0.9363498091697693
0.9356744885444641
0.9363498091697693
0.9358433485031128
0.9375316500663757
0.9355056285858154
0.9356744885444641
0.9334796667098999
0.9363498091697693
0.9346615076065063
0.9349991679191589
0.9355056285858154
0.9383758306503296
0.9368563294410706
0.9349991679191589
0.9346615076065063
0.9360121488571167
0.9388823509216309
0.938038170337677
0.9366874694824219
0.9360121488571167
0.9366874694824219
0.9353368282318115
0.9360121488571167
0.9343238472938538
0.9375316500663757
0.9371939897537231
0.9390511512756348
0.9383758306503296
0.9366874694824219
0.938038170337677
0.9375316500663757
0.9371939897537231
0.9383758306503296
0.938038170337677
0.9382069706916809
0.9383758306503296
0.9377005100250244
0.938038170337677
0.9373628497123718
0.9407395124435425
