0.24820266664028168
0.24820266664028168
0.25265321135520935
0.24991440773010254
0.24751797318458557
0.24169804155826569
0.252139687538147
0.25522080063819885
0.2490585446357727
0.2490585446357727
0.24820266664028168
0.24169804155826569
0.24820266664028168
0.2523108422756195
0.24717561900615692
0.25333788990974426
0.2569325566291809
0.2550496459007263
0.2463197559118271
0.2560766935348511
0.25179731845855713
0.24957206845283508
0.25470730662345886
0.2470044493675232
0.25059911608695984
0.252139687538147
0.2606983780860901
0.2553919851779938
0.25059911608695984
0.25453612208366394
0.25128379464149475
0.2476891428232193
0.2483738511800766
0.25402259826660156
0.2562478482723236
0.2569325566291809
0.25402259826660156
0.25659021735191345
0.254364937543869
0.2613830864429474
0.25453612208366394
0.2548784613609314
0.25385141372680664
0.25453612208366394
0.25778841972351074
0.2627524733543396
0.26514890789985657
0.2699418067932129
0.2694282829761505
0.26959943771362305
