0.5255119204521179
0.5281974077224731
0.5250083804130554
0.520980179309845
0.5270224809646606
0.5317220687866211
0.5317220687866211
0.5285330414772034
0.5318899154663086
0.5325612425804138
0.5234978199005127
0.5276938676834106
0.5260154604911804
0.5327290892601013
0.5327290892601013
0.5318899154663086
0.5283651947975159
0.534575343132019
0.5323933959007263
0.5298758149147034
0.5298758149147034
0.5330647826194763
0.5270224809646606
0.5273581743240356
0.5310506820678711
0.5275260210037231
0.5281974077224731
0.5337361693382263
0.5312185287475586
0.534239649772644
0.5327290892601013
0.5280295610427856
0.5293722748756409
0.5233299732208252
0.5339040160179138
0.5278617143630981
0.5365894436836243
0.5332326292991638
0.5350788831710815
0.5344074964523315
0.535918116569519
0.5438066720962524
0.5389392375946045
0.5396106243133545
0.5411211848258972
0.5407854914665222
0.5374286770820618
0.5382678508758545
0.5414568781852722
0.5416247248649597
