0.9966381192207336
0.9966381192207336
0.9966381192207336
0.9966381192207336
0.9964699745178223
0.9963018894195557
0.9966381192207336
0.9966381192207336
0.9966381192207336
0.9966381192207336
0.9966381192207336
0.9966381192207336
0.9966381192207336
0.9966381192207336
0.9966381192207336
0.9964699745178223
0.9966381192207336
0.9966381192207336
0.9966381192207336
0.9966381192207336
0.9966381192207336
0.9966381192207336
0.9966381192207336
0.9966381192207336
0.9966381192207336
0.9966381192207336
0.9968062043190002
0.9964699745178223
0.9968062043190002
0.9966381192207336
0.9966381192207336
0.9966381192207336
0.9964699745178223
0.9964699745178223
0.9966381192207336
0.9966381192207336
0.9968062043190002
0.9968062043190002
0.9968062043190002
0.9969742894172668
0.9966381192207336
0.9966381192207336
0.9968062043190002
0.9968062043190002
0.9968062043190002
0.9969742894172668
0.9968062043190002
0.9968062043190002
0.9968062043190002
0.9966381192207336
