0.18065856397151947
0.1854049265384674
0.17813704907894135
0.1846633106470108
0.18065856397151947
0.17813704907894135
0.1907445788383484
0.18229012191295624
0.17398397624492645
0.18110352754592896
0.18629486858844757
0.17798872292041779
0.19193117320537567
0.18407000601291656
0.1846633106470108
0.17917531728744507
0.1733906865119934
0.1753188967704773
0.17843370139598846
0.1816968321800232
0.18896469473838806
0.17546722292900085
0.18703648447990417
0.19163453578948975
0.18214179575443268
0.18940967321395874
0.19608424603939056
0.1760605126619339
0.18362504243850708
0.17798872292041779
0.1824384480714798
0.171907439827919
0.19193117320537567
0.18940967321395874
0.18451498448848724
0.18792642652988434
0.18570157885551453
0.18673984706401825
0.18140017986297607
0.1910412311553955
0.18006525933742523
0.19430436193943024
0.19118955731391907
0.1854049265384674
0.18555325269699097
0.1873331367969513
0.18214179575443268
0.18985463678836823
0.19608424603939056
0.183921679854393
0.18644319474697113
0.1873331367969513
0.17398397624492645
0.18718481063842773
0.18006525933742523
0.19118955731391907
0.1974191665649414
0.19400770962238312
0.18184514343738556
0.19000296294689178
0.1951943039894104
0.18525660037994385
0.18911302089691162
0.1929694414138794
0.19890239834785461
0.19118955731391907
0.18377335369586945
0.18940967321395874
0.1996440291404724
0.19578759372234344
0.19905072450637817
0.19059626758098602
0.18599821627140045
0.19697418808937073
0.19489765167236328
0.19282111525535583
0.19311776757240295
0.18851973116397858
0.19133788347244263
0.19400770962238312
0.1902996152639389
0.20335212349891663
0.20053397119045258
0.18525660037994385
0.18896469473838806
0.18718481063842773
0.19830910861492157
0.19534263014793396
0.1888163685798645
0.20053397119045258
0.19697418808937073
0.198160782456398
0.1858498901128769
0.19341441988945007
0.21106496453285217
0.2023138552904129
0.198160782456398
0.2000889927148819
0.19563928246498108
0.20602194964885712
