0.6316868662834167
0.6304905414581299
0.6284396052360535
0.6351051330566406
0.6330541968345642
0.6356178522109985
0.640916109085083
0.630148708820343
0.6265595555305481
0.6298068761825562
0.6321996450424194
0.6253631711006165
0.6265595555305481
0.6291232109069824
0.6222867965698242
0.6318578124046326
0.6243377327919006
0.6251922845840454
0.6299777626991272
0.6381815075874329
0.6349341869354248
0.637839674949646
0.6383523941040039
0.6284396052360535
0.6258758902549744
0.6286104917526245
0.6323705315589905
0.6286104917526245
0.6359596848487854
0.6277559399604797
0.6402324438095093
0.6310032606124878
0.6287813782691956
0.637839674949646
0.6374978423118591
0.6439924836158752
0.630148708820343
0.6299777626991272
0.637668788433075
0.6335669159889221
0.6356178522109985
0.6417706608772278
0.6345923542976379
0.6265595555305481
0.6361305713653564
0.6310032606124878
0.6412578821182251
0.640916109085083
0.6320286989212036
0.6386942267417908
0.6303195953369141
0.6333960294723511
0.6325414180755615
0.6357887387275696
0.6330541968345642
0.6398906111717224
0.6337378025054932
0.6381815075874329
0.6433088183403015
0.6311741471290588
0.6347633004188538
0.637839674949646
0.6374978423118591
0.6373269557952881
0.6303195953369141
0.637156069278717
0.6315159797668457
0.6422833800315857
0.6385233402252197
0.6467270255088806
0.6298068761825562
0.6398906111717224
0.6426252126693726
0.6417706608772278
0.6316868662834167
0.6412578821182251
0.6364724040031433
0.6347633004188538
0.6393778920173645
0.641599714756012
0.6366432905197144
0.6480943560600281
0.6383523941040039
0.6325414180755615
0.6357887387275696
0.6332250833511353
0.6419415473937988
0.6385233402252197
0.6364724040031433
0.6404033303260803
0.6419415473937988
0.6388651728630066
0.6426252126693726
0.6422833800315857
0.6506580114364624
0.6368142366409302
0.6499743461608887
0.6441633701324463
0.6433088183403015
0.6419415473937988
