0.8206763863563538
0.821121335029602
0.8148916959762573
0.8200830817222595
0.8236428499221802
0.829724133014679
0.8245328068733215
0.8254227042198181
0.8349154591560364
0.8221595883369446
0.8261643648147583
0.8335805535316467
0.8218629360198975
0.8154850006103516
0.842924952507019
0.8372886180877686
0.8359537124633789
0.8346188068389893
0.8335805535316467
0.8313556909561157
0.8315039873123169
0.8325423002243042
0.8280925750732422
0.8301690816879272
0.8368436694145203
0.8257193565368652
0.8328388929367065
0.8257193565368652
0.8352121114730835
0.8306140899658203
0.8337288498878479
0.8343221545219421
0.8254227042198181
0.8365470170974731
0.8334321975708008
0.8263126611709595
0.8322456479072571
0.8414416909217834
0.8203797340393066
0.8252744078636169
0.8421833515167236
0.8257193565368652
0.8347671031951904
0.831800639629364
0.8325423002243042
0.8315039873123169
0.834173858165741
0.8350637555122375
0.8313556909561157
0.8393651843070984
0.8223079442977905
0.8243844509124756
0.8402551412582397
0.8355087637901306
0.838475227355957
0.83194899559021
0.8368436694145203
0.8494511842727661
0.8298724293708801
0.8347671031951904
0.8249777555465698
0.8438149094581604
0.853752613067627
0.8421833515167236
0.8279442191123962
0.8411450386047363
0.8427765965461731
0.8393651843070984
0.8467813730239868
0.8349154591560364
0.838475227355957
0.8481162786483765
0.8240877985954285
0.8352121114730835
0.8441115617752075
0.8452981114387512
0.840700089931488
0.8408483862876892
0.8377336263656616
0.8408483862876892
0.8368436694145203
0.8441115617752075
0.8484129309654236
0.8417383432388306
0.8478196263313293
0.838475227355957
0.8359537124633789
0.8323939442634583
0.84514981508255
0.8393651843070984
0.8531593084335327
0.8521210551261902
0.8452981114387512
0.8475229740142822
0.8467813730239868
0.8458914160728455
0.8430732488632202
0.8484129309654236
0.846929669380188
0.8568673729896545
