0.6762968897819519
0.6735833883285522
0.6747007369995117
0.6847565770149231
0.6737430095672607
0.6742218732833862
0.6780526638031006
0.6780526638031006
0.6735833883285522
0.6810854077339172
0.6882681846618652
0.6798084378242493
0.6774141788482666
0.6834796667098999
0.6762968897819519
0.6778930425643921
0.6764565110206604
0.6796488165855408
0.672625720500946
0.6791700124740601
0.6841180920600891
0.6766161322593689
0.6767757534980774
0.6695929765701294
0.672306478023529
0.6845969557762146
0.6780526638031006
0.6801276803016663
0.6810854077339172
0.6729449033737183
0.6735833883285522
0.6748603582382202
0.6775738000869751
0.6796488165855408
0.6820430755615234
0.6852354407310486
0.6801276803016663
0.6785315275192261
0.6769353747367859
0.6729449033737183
0.6793296337127686
0.6810854077339172
0.6911412477493286
0.6769353747367859
0.6735833883285522
0.6780526638031006
0.6841180920600891
0.6785315275192261
0.6790103912353516
0.6893854737281799
0.6703910827636719
0.6748603582382202
0.679489254951477
0.6754987835884094
0.6885873675346375
0.688427746295929
0.6845969557762146
0.6834796667098999
0.6877893209457397
0.6761372685432434
0.6767757534980774
0.6831604242324829
0.6858739256858826
0.6807661652565002
0.6802873015403748
0.6842777132987976
0.6796488165855408
0.6785315275192261
0.6814046502113342
0.6874700784683228
0.6766161322593689
0.6858739256858826
0.6863527297973633
0.6743814945220947
0.6830008029937744
0.6850758194923401
0.6866719722747803
0.6871508359909058
0.6892258524894714
0.6858739256858826
0.6774141788482666
0.6860335469245911
0.6889066100120544
0.6713487505912781
0.6890662312507629
0.6855546832084656
0.6847565770149231
0.6834796667098999
0.6830008029937744
0.6817238330841064
0.6837989091873169
0.6876296997070312
0.6911412477493286
0.6900239586830139
0.6850758194923401
0.6857143044471741
0.6882681846618652
0.6882681846618652
0.69529128074646
0.7011971473693848
