0.4110439717769623
0.40130916237831116
0.41725412011146545
0.404330313205719
0.4056730568408966
0.41289022564888
0.41054046154022217
0.40936556458473206
0.4066801071166992
0.41641491651535034
0.4113796651363373
0.4138972759246826
0.40768715739250183
0.41574352979660034
0.40080565214157104
0.4144008159637451
0.40198051929473877
0.4038267731666565
0.4144008159637451
0.4117153286933899
0.4058408737182617
0.4044981598854065
0.4187646806240082
0.40953341126441956
0.39912721514701843
0.4118831753730774
0.4066801071166992
0.4066801071166992
0.41490432620048523
0.4187646806240082
0.41524001955986023
0.40768715739250183
0.41557568311691284
0.41356161236763
0.40802282094955444
0.41456863284111023
0.4120510220527649
0.4107082784175873
0.41607922315597534
0.4122188687324524
0.4142329692840576
0.41490432620048523
0.4113796651363373
0.41742196679115295
0.4209466278553009
0.4127223789691925
0.4137294292449951
0.40986907482147217
0.40919771790504456
0.41507217288017273
0.4130580723285675
0.42363208532333374
0.40936556458473206
0.41641491651535034
0.4061765670776367
0.4138972759246826
0.4140651226043701
0.40970122814178467
0.4123867154121399
0.41490432620048523
0.4060087203979492
0.40835851430892944
0.4055052101612091
0.4113796651363373
0.4130580723285675
0.41775763034820557
0.4137294292449951
0.4110439717769623
0.4038267731666565
0.4192682206630707
0.4199395775794983
0.4108761250972748
0.41557568311691284
0.41826117038726807
0.4055052101612091
0.4216179847717285
0.4206109344959259
0.4194360375404358
0.41054046154022217
0.41842901706695557
0.4202752709388733
0.41356161236763
0.41624706983566284
0.42346423864364624
0.42430347204208374
0.42245718836784363
0.4219536781311035
0.421450138092041
0.41826117038726807
0.41792547702789307
0.4212823212146759
0.430345743894577
0.4273245930671692
0.41675058007240295
0.42480698227882385
0.43269553780555725
0.4305135905742645
0.43152064085006714
0.43202418088912964
0.42614972591400146
