0.9884307384490967
0.9879857897758484
0.988875687122345
0.9887273907661438
0.9882823824882507
0.9881340861320496
0.988875687122345
0.9890240430831909
0.9884307384490967
0.988875687122345
0.9887273907661438
0.9881340861320496
0.9879857897758484
0.988875687122345
0.9881340861320496
0.9878374338150024
0.9875407814979553
0.9879857897758484
0.9885790348052979
0.988875687122345
0.9890240430831909
0.9881340861320496
0.9885790348052979
0.988875687122345
0.9881340861320496
0.9887273907661438
0.9885790348052979
0.9876891374588013
0.988875687122345
0.9891723394393921
0.9884307384490967
0.988875687122345
0.9885790348052979
0.9885790348052979
0.989320695400238
0.9885790348052979
0.988875687122345
0.9887273907661438
0.9890240430831909
0.9887273907661438
0.9885790348052979
0.9882823824882507
0.988875687122345
0.9891723394393921
0.9890240430831909
0.9885790348052979
0.9887273907661438
0.9884307384490967
0.9881340861320496
0.9890240430831909
0.9891723394393921
0.9879857897758484
0.988875687122345
0.9890240430831909
0.9884307384490967
0.988875687122345
0.9885790348052979
0.9887273907661438
0.9891723394393921
0.9882823824882507
0.9891723394393921
0.9891723394393921
0.989320695400238
0.9891723394393921
0.989320695400238
0.9890240430831909
0.9890240430831909
0.9887273907661438
0.9885790348052979
0.9891723394393921
0.9890240430831909
0.9899140000343323
0.9894689917564392
0.9890240430831909
0.9890240430831909
0.9885790348052979
0.988875687122345
0.9890240430831909
0.9887273907661438
0.989320695400238
0.9896173477172852
0.9897656440734863
0.9890240430831909
0.9894689917564392
0.9894689917564392
0.9897656440734863
0.9896173477172852
0.9894689917564392
0.9902105927467346
0.9897656440734863
0.9896173477172852
0.9894689917564392
0.9897656440734863
0.989320695400238
0.9896173477172852
0.9896173477172852
0.9902105927467346
0.989320695400238
0.9902105927467346
0.9899140000343323
