0.47789305448532104
0.4806065559387207
0.4823623299598694
0.47821229696273804
0.4818834662437439
0.4868316054344177
0.4873104691505432
0.4750199615955353
0.4826815724372864
0.4791699945926666
0.47581803798675537
0.48491621017456055
0.48379889130592346
0.49321627616882324
0.48347964882850647
0.48475658893585205
0.47725459933280945
0.4952912926673889
0.4825219511985779
0.48539504408836365
0.49050280451774597
0.48555466532707214
0.489545077085495
0.4823623299598694
0.4798084497451782
0.4873104691505432
0.49130088090896606
0.49146050214767456
0.4882681667804718
0.5058259963989258
0.4796488285064697
0.47789305448532104
0.49241819977760315
0.4877893030643463
0.4756584167480469
0.49896249175071716
0.48635274171829224
0.48411810398101807
0.4879489243030548
0.4727853238582611
0.47709497809410095
0.4881085455417633
0.48635274171829224
0.4892258644104004
0.49193933606147766
0.4877893030643463
0.4791699945926666
0.4956105351448059
0.49337589740753174
0.4823623299598694
0.4796488285064697
0.49417397379875183
0.501197099685669
0.49369513988494873
0.4951316714286804
0.49225857853889465
0.4890662431716919
0.4893854856491089
0.49225857853889465
0.49225857853889465
0.4984836280345917
0.4868316054344177
0.4975259304046631
0.4892258644104004
0.5018355846405029
0.49146050214767456
0.4826815724372864
0.5016759634017944
0.47709497809410095
0.4965682327747345
0.5023144483566284
0.4984836280345917
0.5002394318580627
0.49241819977760315
0.49177971482276917
0.4815642535686493
0.49816441535949707
0.4984836280345917
0.4949720799922943
0.4887470006942749
0.49193933606147766
0.4968874752521515
0.5037509799003601
0.48523542284965515
0.5008779168128967
0.5051875710487366
0.49928173422813416
0.5051875710487366
0.507741391658783
0.5136472582817078
0.5026336908340454
0.5003990530967712
0.5158818960189819
0.4968874752521515
0.5104548931121826
0.5003990530967712
0.5155626535415649
0.5206704139709473
0.5138068795204163
0.5142857432365417
