0.6877893209457397
0.6798084378242493
0.6817238330841064
0.6708698868751526
0.6756584048271179
0.6739026308059692
0.6777334213256836
0.6834796667098999
0.6802873015403748
0.6775738000869751
0.6833200454711914
0.6814046502113342
0.6834796667098999
0.6721468567848206
0.6802873015403748
0.6818834543228149
0.6814046502113342
0.6799680590629578
0.6799680590629578
0.6769353747367859
0.6807661652565002
0.6815642714500427
0.6850758194923401
0.6841180920600891
0.6882681846618652
0.6842777132987976
0.6780526638031006
0.6724660992622375
0.6820430755615234
0.6788507699966431
0.6778930425643921
0.6815642714500427
0.6817238330841064
0.679489254951477
0.6774141788482666
0.6774141788482666
0.6837989091873169
0.6810854077339172
0.6788507699966431
0.6775738000869751
0.6812450289726257
0.6759776473045349
0.6826815605163574
0.6802873015403748
0.6863527297973633
0.6866719722747803
0.6839584708213806
0.6822026968002319
0.6801276803016663
0.6858739256858826
0.6842777132987976
0.6807661652565002
0.6847565770149231
0.6783719062805176
0.6780526638031006
0.6866719722747803
0.6820430755615234
0.6791700124740601
0.6881085634231567
0.6778930425643921
0.6876296997070312
0.6818834543228149
0.6881085634231567
0.688427746295929
0.6852354407310486
0.6801276803016663
0.6913008689880371
0.6782122850418091
0.6900239586830139
0.679489254951477
0.6849161982536316
0.6882681846618652
0.6911412477493286
0.6849161982536316
0.6828411817550659
0.6869912147521973
0.6924182176589966
0.6869912147521973
0.6810854077339172
0.6865123510360718
0.688427746295929
0.6895450949668884
0.6861931085586548
0.6814046502113342
0.6858739256858826
0.6876296997070312
0.6831604242324829
0.6866719722747803
0.6874700784683228
0.6881085634231567
0.6868315935134888
0.6863527297973633
0.6818834543228149
0.6877893209457397
0.6873104572296143
0.6885873675346375
0.6964086294174194
0.6890662312507629
0.69529128074646
0.6919393539428711
