0.718332827091217
0.722782552242279
0.7257490158081055
0.7316820025444031
0.7261940240859985
0.7343518137931824
0.7272322773933411
0.73123699426651
0.7256007194519043
0.7278255820274353
0.73123699426651
0.7287155389785767
0.7297537922859192
0.7282705307006836
0.720557689666748
0.7285671830177307
0.7309404015541077
0.7279738783836365
0.7276772260665894
0.7258973717689514
0.7267873287200928
0.7181845307350159
0.7261940240859985
0.7327202558517456
0.7275289297103882
0.7293087840080261
0.7290121912956238
0.7315336465835571
0.7319786548614502
0.7260456681251526
0.7232275009155273
0.7287155389785767
0.7285671830177307
0.7349451184272766
0.7187778353691101
0.7300504446029663
0.7233758568763733
0.7307920455932617
0.7293087840080261
0.7187778353691101
0.7376149296760559
0.7350934147834778
0.7374666333198547
0.7370216846466064
0.7266389727592468
0.7398397922515869
0.7233758568763733
0.7270839810371399
0.7324236035346985
0.720557689666748
0.7300504446029663
0.7301987409591675
0.7303470969200134
0.7370216846466064
0.7288638353347778
0.7346484661102295
0.7342035174369812
0.7390981912612915
0.7276772260665894
0.7331652045249939
0.7432512640953064
0.7405814528465271
0.7410264015197754
0.7330169081687927
0.7299020886421204
0.7279738783836365
0.7306437492370605
0.7284188866615295
0.7347968220710754
0.731385350227356
0.7355384230613708
0.7267873287200928
0.7368733286857605
0.733461856842041
0.7353900671005249
0.7339068651199341
0.7331652045249939
0.742509663105011
0.7399881482124329
0.7349451184272766
0.731385350227356
0.7288638353347778
0.7371699810028076
0.735835075378418
0.7462177276611328
0.7439928650856018
0.7367250323295593
0.7411746978759766
0.7466627359390259
0.7349451184272766
0.7438445687294006
0.7385048866271973
0.7497774958610535
0.7371699810028076
0.7528923153877258
0.7509641051292419
0.7485909461975098
0.7429546117782593
0.7479976415634155
0.7433995604515076
