0.9036062359809875
0.9101008176803589
0.9106135964393616
0.9068535566329956
0.9049735069274902
0.905657172203064
0.9092462658882141
0.9085626602172852
0.9066826105117798
0.9066826105117798
0.9044607877731323
0.9061698913574219
0.9046316742897034
0.9065117239952087
0.9032644033432007
0.905657172203064
0.9077081084251404
0.9068535566329956
0.9080498814582825
0.9075371623039246
0.9075371623039246
0.9071953296661377
0.9041189551353455
0.9071953296661377
0.9094172120094299
0.9077081084251404
0.9075371623039246
0.9080498814582825
0.9066826105117798
0.9106135964393616
0.9054862260818481
0.9099299311637878
0.9068535566329956
0.9073662757873535
0.9080498814582825
0.9101008176803589
0.9080498814582825
0.9077081084251404
0.9066826105117798
0.9116390347480774
0.9099299311637878
0.9083917140960693
0.9070244431495667
0.9075371623039246
0.9089044332504272
0.9109553694725037
0.9101008176803589
0.9070244431495667
0.9068535566329956
0.9075371623039246
0.9101008176803589
0.9078789949417114
0.9078789949417114
0.9073662757873535
0.9085626602172852
0.9094172120094299
0.9097590446472168
0.9080498814582825
0.9049735069274902
0.9099299311637878
0.9092462658882141
0.9082208275794983
0.9089044332504272
0.909588098526001
0.9126644730567932
0.9123227000236511
0.9097590446472168
0.9085626602172852
0.9118099212646484
0.9114681482315063
0.9116390347480774
0.9106135964393616
0.9104426503181458
0.9109553694725037
0.9085626602172852
0.9107844829559326
0.9112972021102905
0.9087335467338562
0.9126644730567932
0.9085626602172852
0.9085626602172852
0.9114681482315063
0.9123227000236511
0.9092462658882141
0.9116390347480774
0.9097590446472168
0.9109553694725037
0.9118099212646484
0.9126644730567932
0.9124935865402222
0.9133481383323669
0.9112972021102905
0.9101008176803589
0.9153990745544434
0.9097590446472168
0.9104426503181458
0.9143736362457275
0.916424572467804
0.9150572419166565
0.9143736362457275
