0.441161572933197
0.44487589597702026
0.4413304030895233
0.4460577368736267
0.44994091987609863
0.44065508246421814
0.44504472613334656
0.43643423914909363
0.4501097500324249
0.44301873445510864
0.43609657883644104
0.4399797320365906
0.44487589597702026
0.43356406688690186
0.44538241624832153
0.4387979209423065
0.4463953971862793
0.44284990429878235
0.4487590789794922
0.44284990429878235
0.45196691155433655
0.44268107414245605
0.439642071723938
0.433057576417923
0.45162925124168396
0.44284990429878235
0.44740840792655945
0.44301873445510864
0.44504472613334656
0.4442005753517151
0.44690191745758057
0.44470706582069397
0.44791489839553833
0.4463953971862793
0.44504472613334656
0.44994091987609863
0.4391355812549591
0.44065508246421814
0.44943439960479736
0.4418368935585022
0.4416680634021759
0.44487589597702026
0.4413304030895233
0.44284990429878235
0.4443694055080414
0.45179808139801025
0.44723957777023315
0.4490967392921448
0.4409927427768707
0.44707074761390686
0.4526422321796417
0.44521358609199524
0.43575891852378845
0.4393044114112854
0.45449942350387573
0.44994091987609863
0.44774606823921204
0.45399290323257446
0.44926556944847107
0.4420057535171509
0.4484214186668396
0.45652541518211365
0.4550059139728546
0.4482525885105133
0.45686307549476624
0.4485902488231659
0.44994091987609863
0.44774606823921204
0.44943439960479736
0.451291561126709
0.4575383961200714
0.4482525885105133
0.4536552429199219
0.44268107414245605
0.44538241624832153
0.44960322976112366
0.4420057535171509
0.4455512464046478
0.454668253660202
0.44521358609199524
0.4504474103450775
0.4507850706577301
0.4480837285518646
0.45146042108535767
0.45213574171066284
0.45652541518211365
0.45230457186698914
0.4436940848827362
0.4526422321796417
0.44960322976112366
0.454668253660202
0.46581125259399414
0.453148752450943
0.45146042108535767
0.45213574171066284
0.44774606823921204
0.44538241624832153
0.4482525885105133
0.44960322976112366
0.45905789732933044
