0.7151817083358765
0.714628279209137
0.7113078832626343
0.7111234068870544
0.7142593860626221
0.7087253332138062
0.7166574597358704
0.7107544541358948
0.718686580657959
0.7155506610870361
0.7194244861602783
0.715919554233551
0.7135214805603027
0.718686580657959
0.7092787027359009
0.7004242539405823
0.7144438028335571
0.719977855682373
0.7190555334091187
0.7179487347602844
0.7157350778579712
0.7161040306091309
0.718686580657959
0.7168419361114502
0.7179487347602844
0.7214536070823669
0.7125991582870483
0.7179487347602844
0.7161040306091309
0.7148127555847168
0.711676836013794
0.7162885069847107
0.7155506610870361
0.7185021042823792
0.7140749096870422
0.7218225598335266
0.7194244861602783
0.7155506610870361
0.7196089029312134
0.7166574597358704
0.7183176279067993
0.7194244861602783
0.7157350778579712
0.7137059569358826
0.7216380834579468
0.7185021042823792
0.7238516807556152
0.725511908531189
0.7183176279067993
0.7133370041847229
0.7225604057312012
0.7218225598335266
0.7148127555847168
0.7153661847114563
0.7166574597358704
0.7172108292579651
0.7253274321556091
0.7197933793067932
0.7196089029312134
0.7197933793067932
0.7201623320579529
0.7175797820091248
0.7164729833602905
0.719977855682373
0.7188710570335388
0.726803183555603
0.718686580657959
0.7244051098823547
0.7244051098823547
0.7140749096870422
0.7212691307067871
0.7201623320579529
0.7207157611846924
0.7234827280044556
0.7205312848091125
0.7188710570335388
0.7185021042823792
0.7234827280044556
0.7205312848091125
0.7225604057312012
0.7201623320579529
0.7205312848091125
0.7277255058288574
0.7212691307067871
0.719977855682373
0.7242206335067749
0.7240361571311951
0.7253274321556091
0.7271721363067627
0.7238516807556152
0.726803183555603
0.7284634113311768
0.7249584794044495
0.7304925322532654
0.7260652780532837
0.7303080558776855
0.7286478281021118
0.7251429557800293
0.7244051098823547
0.7282789349555969
