0.7039634585380554
0.7070624828338623
0.7062469124794006
0.6974392533302307
0.7096721529960632
0.7059207558631897
0.7060838341712952
0.7047789692878723
0.709182858467102
0.7096721529960632
0.7142391204833984
0.7072255611419678
0.7036372423171997
0.709998369216919
0.7047789692878723
0.6998858451843262
0.7158701419830322
0.7060838341712952
0.7080411314964294
0.7062469124794006
0.7062469124794006
0.709182858467102
0.7083672881126404
0.7086935043334961
0.7088566422462463
0.7086935043334961
0.7090197205543518
0.7109770178794861
0.7121187448501587
0.7101614475250244
0.7130973935127258
0.7072255611419678
0.703311026096344
0.7029848098754883
0.7060838341712952
0.7088566422462463
0.7047789692878723
0.7049421072006226
0.7119556069374084
0.713586688041687
0.7101614475250244
0.709998369216919
0.7083672881126404
0.705594539642334
0.7132604718208313
0.7103245854377747
0.7075517773628235
0.7090197205543518
0.707388699054718
0.7140759825706482
0.7075517773628235
0.705594539642334
0.7132604718208313
0.7023324370384216
0.7036372423171997
0.7047789692878723
0.7126080393791199
0.70151686668396
0.7144021987915039
0.7086935043334961
0.7163594961166382
0.7101614475250244
0.7106508016586304
0.7165225744247437
0.7109770178794861
0.7062469124794006
0.7080411314964294
0.7023324370384216
0.7059207558631897
0.7111400961875916
0.7152177691459656
0.7086935043334961
0.7168487906455994
0.7165225744247437
0.7126080393791199
0.7147284150123596
0.711792528629303
0.7086935043334961
0.7173381447792053
0.7176643013954163
0.7147284150123596
0.7104876637458801
0.7114663124084473
0.7126080393791199
0.7168487906455994
0.7175012230873108
0.7132604718208313
0.713586688041687
0.7137497663497925
0.7104876637458801
0.7161963582038879
0.7163594961166382
0.715380847454071
0.7176643013954163
0.7068993449211121
0.7183167338371277
0.7178274393081665
0.7192953824996948
0.7157070636749268
0.7194584608078003
