0.9887273907661438
0.988875687122345
0.9899140000343323
0.989320695400238
0.9885790348052979
0.988875687122345
0.9896173477172852
0.989320695400238
0.9897656440734863
0.9885790348052979
0.9890240430831909
0.988875687122345
0.9894689917564392
0.9891723394393921
0.9891723394393921
0.9882823824882507
0.989320695400238
0.9890240430831909
0.9884307384490967
0.9890240430831909
0.9891723394393921
0.9890240430831909
0.9890240430831909
0.9896173477172852
0.9905072450637817
0.9897656440734863
0.9885790348052979
0.9885790348052979
0.9896173477172852
0.989320695400238
0.9897656440734863
0.989320695400238
0.9896173477172852
0.9905072450637817
0.9882823824882507
0.9879857897758484
0.989320695400238
0.9899140000343323
0.9884307384490967
0.988875687122345
0.988875687122345
0.9897656440734863
0.9887273907661438
0.9890240430831909
0.9884307384490967
0.9891723394393921
0.9899140000343323
0.9896173477172852
0.988875687122345
0.9900622963905334
0.9900622963905334
0.9897656440734863
0.9906556010246277
0.9899140000343323
0.9894689917564392
0.9899140000343323
0.9896173477172852
0.989320695400238
0.989320695400238
0.989320695400238
0.9899140000343323
0.9899140000343323
0.989320695400238
0.9899140000343323
0.9900622963905334
0.9881340861320496
0.9899140000343323
0.9890240430831909
0.9887273907661438
0.9900622963905334
0.9891723394393921
0.9912489056587219
0.9897656440734863
0.9899140000343323
0.9900622963905334
0.9897656440734863
0.9900622963905334
0.9890240430831909
0.9905072450637817
0.9903589487075806
0.9896173477172852
0.9913972020149231
0.9890240430831909
0.989320695400238
0.9882823824882507
0.9899140000343323
0.9899140000343323
0.9890240430831909
0.9900622963905334
0.9905072450637817
0.9903589487075806
0.9890240430831909
0.9903589487075806
0.9899140000343323
0.9903589487075806
0.991100549697876
0.9913972020149231
0.9896173477172852
0.9909522533416748
0.9903589487075806
