0.8811565041542053
0.8799798488616943
0.8769541382789612
0.8782988786697388
0.8779627084732056
0.8776264786720276
0.87897127866745
0.8806521892547607
0.8766179084777832
0.8766179084777832
0.8767859935760498
0.8794755339622498
0.8769541382789612
0.8777945637702942
0.877458393573761
0.875105082988739
0.8788031339645386
0.8714069724082947
0.8791393637657166
0.8799798488616943
0.8788031339645386
0.87359219789505
0.8777945637702942
0.8781307935714722
0.8769541382789612
0.8799798488616943
0.8794755339622498
0.8819969892501831
0.877458393573761
0.8781307935714722
0.8814926743507385
0.8814926743507385
0.8818289041519165
0.8772903084754944
0.8806521892547607
0.8757774233818054
0.879811704158783
0.878635048866272
0.8732560276985168
0.8781307935714722
0.8819969892501831
0.8777945637702942
0.8793074488639832
0.8856950998306274
0.8769541382789612
0.8767859935760498
0.8776264786720276
0.87897127866745
0.8779627084732056
0.8806521892547607
0.8794755339622498
0.8769541382789612
0.8826693296432495
0.8814926743507385
0.8756093382835388
0.8808203339576721
0.8808203339576721
0.8737602829933167
0.8794755339622498
0.8772903084754944
0.8782988786697388
0.8784669637680054
0.879811704158783
0.8816607594490051
0.8799798488616943
0.8835098147392273
0.8818289041519165
0.8814926743507385
0.8796436190605164
0.8814926743507385
0.8782988786697388
0.8833417296409607
0.8831736445426941
0.8766179084777832
0.8831736445426941
0.8803160190582275
0.8808203339576721
0.8813245892524719
0.8779627084732056
0.8819969892501831
0.8818289041519165
0.879811704158783
0.8788031339645386
0.8830055594444275
0.8833417296409607
0.8782988786697388
0.8779627084732056
0.8793074488639832
0.8833417296409607
0.8841822147369385
0.8840141296386719
0.8835098147392273
0.8821650743484497
0.8853588700294495
0.8877122402191162
0.8853588700294495
0.8877122402191162
0.8799798488616943
0.8861993551254272
0.8867036700248718
