0.8124054670333862
0.8159354329109192
0.817112147808075
0.817952573299408
0.8157673478126526
0.8219869136810303
0.8177844882011414
0.8211464285850525
0.8145906925201416
0.8130778074264526
0.812909722328186
0.8211464285850525
0.8238359093666077
0.8169440031051636
0.8161035180091858
0.8196335434913635
0.8182888031005859
0.817952573299408
0.8201378583908081
0.8223230838775635
0.8199697136878967
0.8209783434867859
0.8198016285896301
0.8204740285873413
0.824004054069519
0.8196335434913635
0.8166078329086304
0.8142545223236084
0.8206421136856079
0.8189611434936523
0.8255168795585632
0.8208101987838745
0.8196335434913635
0.8208101987838745
0.8198016285896301
0.8186249732971191
0.8204740285873413
0.8208101987838745
0.8213145136833191
0.8169440031051636
0.8229954838752747
0.8204740285873413
0.8174483180046082
0.8211464285850525
0.8184568881988525
0.817952573299408
0.8194654583930969
0.8172802329063416
0.8233316540718079
0.8223230838775635
0.8224911689758301
0.8231635689735413
0.8236678242683411
0.817952573299408
0.8221549987792969
0.8201378583908081
0.8203059434890747
0.8186249732971191
0.8231635689735413
0.8182888031005859
0.8219869136810303
0.8231635689735413
0.824004054069519
0.8266935348510742
0.8234997391700745
0.8201378583908081
0.8186249732971191
0.8246763944625854
0.8226592540740967
0.8174483180046082
0.8221549987792969
0.8204740285873413
0.8194654583930969
0.8223230838775635
0.8209783434867859
0.8201378583908081
0.8226592540740967
0.8223230838775635
0.8256849646568298
0.8224911689758301
0.8236678242683411
0.8189611434936523
0.8305597305297852
0.8209783434867859
0.82518070936203
0.8246763944625854
0.8266935348510742
0.8248445391654968
0.8332492709159851
0.8261892795562744
0.8271978497505188
0.8260211944580078
0.8268616795539856
0.8260211944580078
0.8236678242683411
0.8266935348510742
0.8298873901367188
0.8213145136833191
0.8243402242660522
0.8246763944625854
